11
21
-
2
=
12
31
-
3
=
999
111
-
3
=
9999
1111
-
4
=
112
212
211
-
4
=
119
919
911
-
4
=
119
989
911
-
11
=
1111
2222
9999
-
14
=
2413
3215
-
11
=
99111
11191
-
7
=
99191
11111
-
13
=
11111
11111
11111
11111
11111
-
8
=
11111
11111
11111
11111
11112
-
9
=
11119
99919
99919
99911
-
7
=
119
919
919
919
911
-
14
=
119
919
919
911
991
-
6
=
1119
9919
9919
9911
9991
-
7
=
11119
99919
99919
99911
99991
-
8
=
1199
9199
9199
9111
9991
-
7
=
1199
9199
1199
1999
1111
-
9
=
11999
91999
11999
19111
11191
-
12
